<?xml version="1.0"?>
<opencv_storage>
<T type_id="opencv-matrix">
  <rows>3</rows>
  <cols>1</cols>
  <dt>d</dt>
  <data>
    1.3599893450737000e-001 -4.0152877569198608e-002
    1.5848594903945923e+000</data></T>
</opencv_storage>
