<?xml version="1.0"?>
<opencv_storage>
<DepthCompasion type_id="opencv-matrix">
  <rows>508</rows>
  <cols>1</cols>
  <dt>"2d"</dt>
  <data>
    46. 1.3164424383348479e+001 46. 1.3164424383348479e+001 46.
    1.0223115454827310e+001 67. 1.0797693163456724e+001 47.
    7.7940563667002047e+000 47. 7.7940563667002047e+000 220.
    1.2635408986835367e+001 0. 1.3716278395851406e+001 0.
    7.8896947989595265e+000 44. 6.3951488558515974e+000 0.
    1.1246652850355078e+001 0. 8.8702562017297453e+000 87.
    8.8168041334965022e+000 78. 1.1605853122284289e+001 105.
    8.7317554228828467e+000 201. 1.2686460397782355e+001 46.
    1.2930161007462358e+001 0. 1.3337675959176696e+001 0.
    1.1795912202017274e+001 136. 6.5689710790142009e+000 0.
    9.1989797947753420e+000 0. 9.0312122044355707e+000 43.
    9.5675258277176596e+000 0. 1.1709821744178047e+001 202.
    1.0444754988573546e+001 71. 1.1554583174589942e+001 24.
    9.0029244443107483e+000 106. 1.0663991266761240e+001 135.
    4.5306434739122876e+000 114. 4.2849597073683201e+000 68.
    6.4298739471346558e+000 0. 1.1695026791205269e+001 90.
    7.7322198128100315e+000 174. 1.3206301027926367e+001 175.
    1.0494503359037710e+001 90. 1.4370415075898130e+001 90.
    1.4370415075898130e+001 0. 6.1013924635846539e+000 0.
    1.1130255569463388e+001 0. 1.1845629944671748e+001 0.
    9.6384379085898466e+000 67. 1.3318405763522339e+001 0.
    1.3572119605890194e+001 0. 1.3613087999905130e+001 112.
    1.3762328655599530e+001 0. 1.3842527221331370e+001 0.
    4.1179399800062653e+000 23. 1.2557582342035429e+001 23.
    1.2557582342035429e+001 23. 1.2557582342035429e+001 0.
    1.2854179296898577e+001 0. 1.4764350065344868e+001 154.
    1.1477489298487016e+000 153. 1.2567400536357907e+000 0.
    3.6608103219059300e+000 38. 1.4044454743598985e+001 87.
    7.0326666259456658e+000 87. 8.9413105709007770e+000 198.
    2.9173499139287355e-002 0. 1.2497549990698177e+001 0.
    1.2497549990698177e+001 64. 1.3570363751204313e+001 196.
    6.0771400663387709e+000 115. 4.0585919084141739e+000 0.
    3.2273905261557672e+000 0. 7.4588915908491389e+000 0.
    1.3779888552542795e+001 0. 8.9529652122744228e+000 0.
    6.7603475460948008e+000 72. 8.4176959845425632e+000 94.
    1.2075634199018285e+001 21. 1.2262817393478548e+001 66.
    8.5094545174009824e+000 66. 8.5094545174009824e+000 21.
    1.3122883942308565e+001 0. 1.2298480440973185e+001 0.
    8.8432524689844740e+000 255. 1.1264589844049759e+001 70.
    1.0861050373595438e+001 0. 8.7620370049801206e+000 0.
    1.3599763617732478e+001 0. 1.2176800063896097e+001 21.
    1.3356698221690120e+001 0. 9.5304155870728433e+000 68.
    6.4176121964033479e+000 0. 1.1281552038160397e+001 9.
    8.8905591287444352e+000 0. 1.3005289741955002e+001 0.
    8.6105473120467781e+000 43. 1.3559948605109092e+001 0.
    8.9164603384680063e+000 6. 5.7628964650197387e+000 25.
    1.4109568505060672e+001 45. 9.0669127903399396e+000 0.
    1.2151725604357596e+001 0. 6.3198426509368097e+000 180.
    1.4171720983578529e+001 158. 6.5179965298064557e+000 73.
    5.6151256560506280e+000 0. 1.2822706208195678e+001 0.
    1.2900881879731362e+001 0. 1.2233636405595886e+001 130.
    8.5140724665203749e+000 0. 1.2378079090432449e+001 0.
    1.2966291563547228e+001 93. 9.7233646440596111e+000 11.
    1.4240500288897298e+001 0. 8.3459541617527471e+000 198.
    6.6905076052890857e+000 204. 7.3380595453062281e+000 176.
    1.3238894521287229e+001 0. 1.0855131186257827e+001 0.
    1.0855131186257827e+001 154. 1.4131456882572669e+001 240.
    3.9146465866979308e-001 0. 1.2935034484481477e+001 0.
    1.0064157191685410e+001 0. 4.7455874412238996e+000 111.
    4.1642149590336954e+000 111. 5.5855968843938246e+000 111.
    4.1642149590336954e+000 154. 1.0722206450639952e+001 131.
    1.0075911152844492e+000 153. 1.0691097415932800e+001 0.
    8.8762423562942772e+000 154. 1.1163819322852955e+001 110.
    5.7828744967026564e+000 198. 2.8821943258642364e-002 198.
    2.8821943258642364e-002 205. 2.8126193726313198e-002 116.
    3.0410541130609632e+000 116. 3.0410541130609632e+000 64.
    8.3356653508943115e+000 113. 1.1131048331864523e+001 0.
    9.9901057537773834e+000 0. 1.2930998178717681e+001 1.
    1.1639174369028243e+001 1. 1.1639174369028243e+001 0.
    1.3343041108945142e+001 0. 1.1021049404543149e+001 0.
    7.5061516849823917e+000 1. 8.1432366688083562e+000 43.
    1.1120616927298638e+001 56. 1.2162421483475239e+001 87.
    1.1423159952454006e+001 87. 1.1423159952454006e+001 0.
    8.3223612181699966e+000 87. 6.7580785279466085e+000 0.
    6.5416846618766336e+000 0. 9.6302377238373769e+000 23.
    1.3372846715045378e+001 21. 6.0538986657224454e+000 1.
    8.9674315107696803e+000 108. 1.1917536262332076e+001 153.
    1.1515448480566487e+001 0. 1.1238439507983394e+001 0.
    1.1487981812142724e+001 0. 1.2537894485947829e+001 0.
    6.9837028805129586e+000 110. 1.1944682055207831e+001 0.
    1.2929969183653185e+001 0. 1.3257068548912349e+001 110.
    1.2864048763645295e+001 0. 7.9354652337833986e+000 0.
    1.3334778838691101e+001 23. 6.2898843967763023e+000 86.
    5.5867095423465862e+000 1. 6.3562238432641749e+000 0.
    1.1812323072822085e+001 0. 1.1812323072822085e+001 21.
    1.1285713771708016e+001 0. 4.7138230421442433e+000 22.
    9.9142343658337424e+000 0. 6.4285813794719129e+000 0.
    6.4285813794719129e+000 0. 1.2855086542535760e+001 0.
    1.2318711465552111e+001 1. 1.1023062467035373e+001 0.
    8.5679488875777619e+000 0. 8.9300003834088386e+000 44.
    1.3112802516415018e+001 44. 1.3112802516415018e+001 43.
    1.3442365093245311e+001 0. 1.2548881191915079e+001 1.
    1.1270142071123860e+001 0. 1.2855566682709869e+001 87.
    1.2195870827825294e+001 87. 1.2195870827825294e+001 22.
    1.2430946215413371e+001 67. 8.4751993669355059e+000 1.
    9.5641213247807055e+000 1. 1.2042056749145015e+001 1.
    1.2042056749145015e+001 0. 1.1823443154250119e+001 44.
    7.7602777503723415e+000 0. 1.1202648149685681e+001 109.
    8.7965350300300056e+000 109. 8.7965350300300056e+000 43.
    1.2928349145907996e+001 43. 1.2928349145907996e+001 43.
    1.2928349145907996e+001 45. 5.7555310903600381e+000 21.
    6.1012901171808736e+000 23. 5.4868550496134851e+000 0.
    1.0359117678358192e+001 88. 1.0571432816575529e+001 1.
    1.0552648140554862e+001 87. 1.4297990746188781e+001 65.
    6.0620348843117862e+000 0. 1.1147263234341647e+001 0.
    1.1147263234341647e+001 0. 8.9377496268467933e+000 24.
    9.0097979384092746e+000 24. 9.0097979384092746e+000 23.
    1.0435689235239474e+001 21. 6.7354724931732886e+000 21.
    6.7354724931732886e+000 44. 1.0830571767242576e+001 0.
    8.8643796147264009e+000 22. 1.0143996811080138e+001 22.
    1.0143996811080138e+001 22. 1.0143996811080138e+001 0.
    9.0607699024725807e+000 0. 9.0607699024725807e+000 1.
    1.0681014092744658e+001 64. 1.2912141556627391e+001 64.
    1.2912141556627391e+001 0. 8.3007424900795801e+000 0.
    1.0020620716980881e+001 21. 1.2523814210873779e+001 21.
    1.2523814210873779e+001 3. 1.4093168231807388e+001 0.
    5.8624497319465352e+000 43. 1.2817833191094390e+001 43.
    1.2817833191094390e+001 43. 1.2817833191094390e+001 0.
    1.2099426935789150e+001 22. 1.1332249909916250e+001 0.
    1.3318284193817986e+001 0. 1.0627429462042226e+001 0.
    1.0862273448467546e+001 154. 1.1288811214300866e+001 154.
    1.1288811214300866e+001 22. 1.1011796908596025e+001 0.
    1.1316325985007369e+001 0. 1.1316325985007369e+001 21.
    4.5027613400194779e+000 44. 1.2060170372768413e+001 22.
    1.2914678329210682e+001 46. 1.3818749085257899e+001 46.
    1.3818749085257899e+001 46. 1.3818749085257899e+001 46.
    1.3818749085257899e+001 46. 1.3818749085257899e+001 0.
    1.1638862160771987e+001 42. 1.2865470916251143e+001 42.
    1.2865470916251143e+001 0. 1.2114814035586182e+001 88.
    4.5882429432030953e+000 108. 1.3092620635403785e+001 0.
    4.2263055219727077e+000 0. 3.9285682292407755e+000 0.
    1.0496630458339380e+001 0. 1.0533991936629199e+001 0.
