<?xml version="1.0"?>
<opencv_storage>
<R type_id="opencv-matrix">
  <rows>3</rows>
  <cols>3</cols>
  <dt>d</dt>
  <data>
    9.9889862537384033e-001 1.6625227872282267e-003
    4.6883903443813324e-002 -2.3282889742404222e-003
    9.9989724159240723e-001 1.4149125665426254e-002
    -4.6855550259351730e-002 -1.4242684468626976e-002
    9.9879950284957886e-001</data></R>
</opencv_storage>
