<?xml version="1.0"?>
<opencv_storage>
<R type_id="opencv-matrix">
  <rows>3</rows>
  <cols>3</cols>
  <dt>d</dt>
  <data>
    9.9914574623107910e-001 -1.0154121555387974e-002
    4.0058381855487823e-002 1.0924161411821842e-002
    9.9975889921188354e-001 -1.9053844735026360e-002
    -3.9855062961578369e-002 1.9475108012557030e-002
    9.9901574850082397e-001</data></R>
</opencv_storage>
