<?xml version="1.0"?>
<opencv_storage>
<DepthCompasion type_id="opencv-matrix">
  <rows>988</rows>
  <cols>1</cols>
  <dt>"2d"</dt>
  <data>
    207. 1.1379319409999877e+000 252. 1.2530935890023578e+001 252.
    1.2223131329873249e+001 194. 2.0520131236056946e-001 194.
    2.1219469224620111e-001 183. 1.4556668111559732e+001 220.
    1.3164424383348479e+001 220. 1.3164424383348479e+001 252.
    1.0223115454827310e+001 245. 1.2096214924486956e+001 252.
    1.0904280205918417e+001 245. 1.1874521588042358e+001 252.
    1.0797693163456724e+001 183. 8.9260622611169360e+000 184.
    7.7940563667002047e+000 184. 7.7940563667002047e+000 252.
    9.8862673013709266e+000 179. 1.4046058821776306e+001 126.
    7.3144257325165309e+000 222. 1.4746270082081773e+001 0.
    5.0867450842089590e-001 0. 7.2089446446827432e-001 245.
    9.4748188290897719e+000 177. 1.4640414811148624e+001 238.
    3.7293922173919980e+000 234. 1.2635408986835367e+001 1.
    1.4658554680833987e+001 234. 1.3716278395851406e+001 169.
    6.8007408773783613e+000 118. 7.8896947989595265e+000 72.
    5.2954084422016967e+000 174. 4.9638969378028996e-001 138.
    6.3951488558515974e+000 189. 5.1410679059472653e+000 0.
    1.1328009845705467e+000 245. 1.1246652850355078e+001 189.
    5.1856576293372862e+000 1. 5.0388648353422816e-001 173.
    3.3293694112010164e-001 0. 1.4395759075366607e+001 166.
    4.1575696110551175e-001 214. 5.0367640438523624e+000 177.
    8.8702562017297453e+000 206. 1.5379685465330558e+001 0.
    6.7390962999195225e-002 177. 8.8168041334965022e+000 230.
    1.1605853122284289e+001 178. 8.7317554228828467e+000 159.
    1.2686460397782355e+001 144. 1.2930161007462358e+001 178.
    1.3337675959176696e+001 119. 6.1754452911423314e+000 119.
    6.1754452911423314e+000 229. 1.1795912202017274e+001 178.
    1.3885651900307021e+001 139. 6.5689710790142009e+000 110.
    9.1989797947753420e+000 106. 9.0312122044355707e+000 0.
    9.5675258277176596e+000 229. 1.1709821744178047e+001 48.
    1.0444754988573546e+001 138. 2.2877079890241672e+000 74.
    9.0839462071681698e+000 108. 1.1554583174589942e+001 220.
    1.5170834621700942e+001 92. 9.0029244443107483e+000 211.
    1.1599365247568507e+001 2. 1.0663991266761240e+001 0.
    1.3782446188482833e+000 36. 4.5306434739122876e+000 189.
    4.2849597073683201e+000 124. 6.4298739471346558e+000 86.
    1.4997222571304629e+001 242. 1.1695026791205269e+001 234.
    7.7322198128100315e+000 234. 9.3954362988432316e-001 192.
    1.0745736872174194e+000 234. 1.3889373888879981e+000 167.
    3.1411794711593605e-001 191. 1.0351824948003565e+000 157.
    4.3157906098516874e-001 234. 9.8688708836115591e-001 172.
    1.4137200029064487e+000 179. 1.2504314160630481e+000 180.
    2.5070236355305489e+000 179. 1.2504314160630481e+000 235.
    8.0071192675590896e-001 114. 1.3206301027926367e+001 0.
    3.6718648032502563e-002 231. 9.0178560143456366e-001 0.
    1.0494503359037710e+001 234. 7.6540085403702129e-001 138.
    1.4370415075898130e+001 138. 1.4370415075898130e+001 123.
    7.5687290923235195e-001 175. 6.1013924635846539e+000 71.
    1.1130255569463388e+001 0. 6.0465076647889637e-001 0.
    3.8397514435565765e-002 190. 1.5908764359320337e+001 225.
    3.6032402029248123e-002 19. 1.0322090999831863e+000 169.
    1.1845629944671748e+001 201. 4.2915218995970415e-002 185.
    1.3051519153301657e+001 122. 5.4052976224190467e-002 237.
    9.6384379085898466e+000 237. 3.3203231504478352e+000 0.
    1.3318405763522339e+001 142. 1.3572119605890194e+001 106.
    1.3613087999905130e+001 131. 6.2212018757813192e-001 113.
    1.3762328655599530e+001 191. 1.3842527221331370e+001 133.
    4.1179399800062653e+000 0. 2.7465737575949056e-001 126.
    1.3329613747252280e+000 157. 1.2557582342035429e+001 157.
    1.2557582342035429e+001 157. 1.2557582342035429e+001 32.
    1.2854179296898577e+001 150. 1.4764350065344868e+001 132.
    1.1477489298487016e+000 22. 1.6204059271645486e+000 0.
    1.2567400536357907e+000 112. 3.6608103219059300e+000 58.
    1.4044454743598985e+001 76. 7.0326666259456658e+000 32.
    8.9413105709007770e+000 0. 2.9173499139287355e-002 218.
    1.5088817805129732e+001 161. 1.2497549990698177e+001 161.
    1.2497549990698177e+001 0. 1.3570363751204313e+001 136.
    6.0771400663387709e+000 223. 1.5164220514226901e+001 191.
    4.0585919084141739e+000 139. 5.4128568790198948e+000 236.
    4.1331509526147236e-001 214. 3.2273905261557672e+000 236.
    9.8515257402635859e-001 216. 1.7760192221932734e+000 210.
    6.9204137747605821e-001 236. 1.1323922968044245e-001 0.
    6.9901291649918029e+000 0. 7.4588915908491389e+000 178.
    1.4776861871283767e+001 194. 3.2206636755235714e+000 121.
    1.6369859430358588e+001 0. 1.3779888552542795e+001 236.
    5.1217605696092428e-001 88. 8.9529652122744228e+000 189.
    2.3393835195243211e+000 125. 6.7603475460948008e+000 166.
    8.4176959845425632e+000 21. 1.2075634199018285e+001 178.
    1.2262817393478548e+001 88. 8.5094545174009824e+000 89.
    7.7826010022748173e+000 88. 8.5094545174009824e+000 89.
    7.7826010022748173e+000 157. 1.3122883942308565e+001 3.
    1.2296605454099923e+000 181. 1.3636136580204820e+001 144.
    1.2565414859032709e+001 233. 1.4019869685335882e+001 164.
    1.6579940114759161e+001 233. 1.4683708156691893e+001 138.
    1.2916286559340499e+001 138. 1.2916286559340499e+001 136.
    1.1926081566759470e+001 138. 1.2916286559340499e+001 0.
    1.6350579090815103e+001 0. 1.6350579090815103e+001 138.
    1.2331313256766288e+001 188. 1.2298480440973185e+001 0.
    1.6403971149322349e+001 206. 2.3653646513239770e+000 0.
    8.8833661402646804e+000 177. 1.7037515539881394e+001 0.
    8.8432524689844740e+000 228. 1.4172018052899171e+001 147.
    1.2014661854744851e+001 0. 9.1944328098366140e-002 176.
    7.3667465500110704e-002 205. 1.5085964647996494e+001 168.
    1.2440422142721886e+001 213. 9.2792238615009186e+000 211.
    9.3294652386558798e+000 171. 9.0926245465979729e+000 176.
    9.8699918629014682e+000 0. 6.9156836894644771e+000 189.
    9.6063699155231888e+000 205. 7.6350091164085061e+000 212.
    3.0020784618563850e-001 203. 2.1263242273070679e-001 125.
    8.4848901567551245e+000 186. 1.4886834002601089e+001 213.
    1.1264589844049759e+001 186. 1.7298464553621514e+001 222.
    1.9071144378335035e+001 153. 8.6551445309422768e+000 205.
    1.8579559556730619e+001 0. 1.5489710820819090e+001 206.
    1.8543665348555017e+001 207. 4.1465985313869008e-001 252.
    1.3027457648535306e+001 248. 1.2676191946158120e+001 245.
    1.2495125250132549e+001 193. 1.4044760979742589e+001 174.
    4.5322090256894594e+000 252. 9.0392160644487873e+000 252.
    9.8199150508865909e+000 252. 1.0861050373595438e+001 203.
    1.4527874316585340e+001 225. 8.7620370049801206e+000 182.
    1.3599763617732478e+001 0. 1.4196757450756142e+001 231.
    1.3942331459235934e+001 160. 3.3135729297730870e-001 234.
    1.3777820811641440e+001 137. 5.9915018235293900e+000 168.
    1.2176800063896097e+001 0. 1.4592410252816357e+001 238.
    1.5401351842913011e+001 189. 5.3298494628483644e+000 238.
    1.5447322144358873e+001 234. 1.3356698221690120e+001 51.
    9.5304155870728433e+000 18. 6.4176121964033479e+000 245.
    1.1281552038160397e+001 177. 8.8905591287444352e+000 170.
    1.3005289741955002e+001 177. 8.6105473120467781e+000 179.
    1.3559948605109092e+001 152. 5.1759423964121742e+000 146.
    8.9164603384680063e+000 0. 5.7628964650197387e+000 199.
    1.4109568505060672e+001 106. 9.0669127903399396e+000 159.
    1.2151725604357596e+001 178. 2.3407491659400415e+000 188.
    6.3198426509368097e+000 144. 1.4171720983578529e+001 115.
    6.5179965298064557e+000 0. 2.0323645959721399e+000 176.
    5.6151256560506280e+000 0. 1.2822706208195678e+001 205.
    9.2997564064289868e+000 242. 1.2900881879731362e+001 210.
    1.5128627983786236e+001 242. 1.2233636405595886e+001 59.
    8.5140724665203749e+000 0. 2.2783420767685434e+000 0.
    2.2783420767685434e+000 208. 1.5995738591713263e+001 246.
