<?xml version="1.0"?>
<opencv_storage>
<R type_id="opencv-matrix">
  <rows>3</rows>
  <cols>3</cols>
  <dt>d</dt>
  <data>
    9.9892270565032959e-001 1.5804214635863900e-003
    4.6374090015888214e-002 -2.2113914601504803e-003
    9.9990558624267578e-001 1.3557918369770050e-002
    -4.6348288655281067e-002 -1.3645855709910393e-002
    9.9883210659027100e-001</data></R>
</opencv_storage>
