<?xml version="1.0"?>
<opencv_storage>
<T type_id="opencv-matrix">
  <rows>3</rows>
  <cols>1</cols>
  <dt>d</dt>
  <data>
    -1.6352696716785431e-001 -1.0345134139060974e-001
    -1.2080390453338623e+000</data></T>
</opencv_storage>
