<?xml version="1.0"?>
<opencv_storage>
<T type_id="opencv-matrix">
  <rows>3</rows>
  <cols>1</cols>
  <dt>d</dt>
  <data>
    -4.1129391640424728e-002 1.0984936729073524e-002
    1.0748460143804550e-001</data></T>
</opencv_storage>
