<?xml version="1.0"?>
<opencv_storage>
<R type_id="opencv-matrix">
  <rows>3</rows>
  <cols>3</cols>
  <dt>d</dt>
  <data>
    -9.9578553438186646e-001 9.0807288885116577e-002
    1.2856299988925457e-002 -9.0821340680122375e-002
    -9.9586695432662964e-001 -5.0842156633734703e-004
    -1.2757001444697380e-002 1.6739048296585679e-003
    -9.9991720914840698e-001</data></R>
</opencv_storage>
