<?xml version="1.0"?>
<opencv_storage>
<T type_id="opencv-matrix">
  <rows>3</rows>
  <cols>1</cols>
  <dt>d</dt>
  <data>
    1.5930740535259247e-001 9.9181130528450012e-002
    1.1997092962265015e+000</data></T>
</opencv_storage>
