<?xml version="1.0"?>
<opencv_storage>
<T type_id="opencv-matrix">
  <rows>3</rows>
  <cols>1</cols>
  <dt>d</dt>
  <data>
    -1.7010109499096870e-002 -2.5949707254767418e-002
    -3.3776578307151794e-001</data></T>
</opencv_storage>
