<?xml version="1.0"?>
<opencv_storage>
<R type_id="opencv-matrix">
  <rows>3</rows>
  <cols>3</cols>
  <dt>d</dt>
  <data>
    9.9998188018798828e-001 -2.8874594718217850e-003
    -5.3306450136005878e-003 2.9611631762236357e-003
    9.9989932775497437e-001 1.3870974071323872e-002
    5.2900561131536961e-003 -1.3886524364352226e-002
    9.9988943338394165e-001</data></R>
</opencv_storage>
