<?xml version="1.0"?>
<opencv_storage>
<R type_id="opencv-matrix">
  <rows>3</rows>
  <cols>3</cols>
  <dt>d</dt>
  <data>
    9.9562925100326538e-001 2.6977136731147766e-002
    -8.9412800967693329e-002 -2.1861735731363297e-002
    9.9809420108795166e-001 5.7703513652086258e-002
    9.0799115598201752e-002 -5.5496539920568466e-002
    9.9432170391082764e-001</data></R>
</opencv_storage>
