<?xml version="1.0"?>
<opencv_storage>
<T type_id="opencv-matrix">
  <rows>3</rows>
  <cols>1</cols>
  <dt>d</dt>
  <data>
    2.4334596097469330e-001 -1.5224218368530273e-001
    -1.1706800758838654e-001</data></T>
</opencv_storage>
